#
#
#  Percent Identity  Matrix - created by Clustal2.1 
#
#

     1: Archaeal     100.00   15.00   15.83   17.44   17.30   15.67   17.22   16.62   16.92   17.01   17.22   16.41   16.67   16.49   16.49   17.01   15.94   16.71
     2: Gamma         15.00  100.00   35.03   34.63   31.72   32.41   32.87   32.18   32.41   32.87   33.56   34.02   33.79   34.02   33.10   34.25   32.87   33.10
     3: Beta          15.83   35.03  100.00   40.87   39.91   41.24   39.09   39.59   40.36   39.41   40.00   39.91   40.59   40.55   40.09   40.77   40.45   40.00
     4: Slime         17.44   34.63   40.87  100.00   58.63   62.02   59.47   59.82   64.96   64.13   65.10   66.07   66.29   66.37   66.14   68.30   69.87   69.64
     5: Fruit         17.30   31.72   39.91   58.63  100.00   64.94   63.86   60.31   68.51   69.27   68.44   68.96   69.18   69.27   68.60   65.03   65.11   63.78
     6: Yeast         15.67   32.41   41.24   62.02   64.94  100.00   68.31   65.54   71.62   73.87   73.42   73.20   73.42   73.59   73.14   68.92   68.69   68.24
     7: Silk          17.22   32.87   39.09   59.47   63.86   68.31  100.00   67.33   76.22   78.79   77.95   78.22   78.89   79.02   79.02   71.27   70.00   69.56
     8: Salmon        16.62   32.18   39.59   59.82   60.31   65.54   67.33  100.00   77.16   77.28   78.89   77.61   78.05   78.40   77.95   78.40   75.11   75.78
     9: Octopus       16.92   32.41   40.36   64.96   68.51   71.62   76.22   77.16  100.00   91.09   92.67   92.24   93.13   92.65   93.10   83.52   79.78   80.22
    10: Chicken       17.01   32.87   39.41   64.13   69.27   73.87   78.79   77.28   91.09  100.00   94.43   93.99   94.43   94.42   94.42   85.01   80.58   81.03
    11: Chimpanzee    17.22   33.56   40.00   65.10   68.44   73.42   77.95   78.89   92.67   94.43  100.00   96.67   97.11   96.65   96.43   87.05   81.07   82.18
    12: Human         16.41   34.02   39.91   66.07   68.96   73.20   78.22   77.61   92.24   93.99   96.67  100.00   99.11   98.22   98.00   86.86   81.33   82.22
    13: Cow           16.67   33.79   40.59   66.29   69.18   73.42   78.89   78.05   93.13   94.43   97.11   99.11  100.00   98.66   98.44   87.31   81.78   82.67
    14: Mouse         16.49   34.02   40.55   66.37   69.27   73.59   79.02   78.40   92.65   94.42   96.65   98.22   98.66  100.00   98.44   87.02   81.92   82.81
    15: Zebrafish     16.49   33.10   40.09   66.14   68.60   73.14   79.02   77.95   93.10   94.42   96.43   98.00   98.44   98.44  100.00   86.80   82.14   83.26
    16: Tetrahymena   17.01   34.25   40.77   68.30   65.03   68.92   71.27   78.40   83.52   85.01   87.05   86.86   87.31   87.02   86.80  100.00   88.20   89.09
    17: Corn          15.94   32.87   40.45   69.87   65.11   68.69   70.00   75.11   79.78   80.58   81.07   81.33   81.78   81.92   82.14   88.20  100.00   96.22
    18: Arabidopsis   16.71   33.10   40.00   69.64   63.78   68.24   69.56   75.78   80.22   81.03   82.18   82.22   82.67   82.81   83.26   89.09   96.22  100.00